0 1441.10 129.50 1549.05 157.40
1 956.01 382.24 967.70 407.30
0 1455.04 230.41 1521.70 247.50
1 1416.39 374.80 1426.20 402.70
1 511.53 316.40 532.60 370.70
0 1091.00 330.20 1122.12 341.65
0 1590.09 231.33 1660.60 248.50
0 1233.00 316.90 1272.86 328.52
1 700.23 374.74 712.70 404.20
0 1615.77 319.36 1652.13 331.26
0 1653.45 310.76 1691.79 323.32
0 1837.21 273.09 1879.51 286.31
0 664.10 288.80 683.76 306.60
0 552.82 244.76 584.42 270.19
0 590.77 264.67 618.53 288.30
1 1778.07 332.21 1816.17 382.77
