1 1023.00 179.98 1049.65 276.03
1 549.60 139.60 589.90 244.30
1 1129.70 125.00 1162.00 230.00
0 645.64 186.79 684.24 201.23
1 407.71 262.05 426.83 306.58
1 498.86 243.22 519.18 291.34
0 743.72 191.37 778.84 201.70
0 1305.38 180.73 1348.42 192.78
0 1240.40 175.14 1283.86 188.48
0 1793.53 143.86 1858.59 161.42
0 1795.64 183.18 1847.64 197.53
0 1702.70 190.69 1751.41 203.83
0 552.37 95.14 596.27 121.39
0 1213.84 3.74 1291.18 38.69
0 1357.36 23.82 1426.52 54.30
0 1487.50 38.69 1553.68 67.69
0 407.59 0.00 460.88 29.64
