0 1261.00 146.00 1337.00 185.00
0 466.02 151.45 525.72 181.25
0 1336.51 306.65 1376.51 319.80
0 1404.00 315.00 1450.00 330.90
0 1156.20 109.00 1228.00 154.60
0 692.83 90.02 788.90 131.30
0 466.30 121.00 526.00 150.80
0 562.00 126.00 644.10 159.00
0 410.06 196.28 466.10 221.30
0 329.34 212.64 381.00 234.60
0 1505.71 303.04 1542.10 323.40
0 1459.20 292.56 1497.70 312.90
0 1334.90 321.40 1373.03 336.40
0 1180.27 319.64 1226.77 334.60
1 851.00 284.00 885.00 355.00
0 478.84 263.00 537.30 285.00
1 239.40 352.00 267.06 408.10
0 584.91 272.94 641.70 297.80
1 1579.24 410.66 1595.24 455.80
